version https://git-lfs.github.com/spec/v1
oid sha256:22746b252eeb48ee4494240cc6ebf4c6d304f0bee714afa7507969e491f7c386
size 420915
